     13.660220843053496154
   0.013552375919150471198
 -0.0097077624838933715412
   -0.14257782827456713659
 -0.0012384529674798906013
  0.0006775855248864635829
 -0.0015267510300802514603
  -0.011326163844915229997
 -0.0046233478472863763498
 3.7389368332790433097e-05
 8.0805348605710741478e-05
   0.020342995484255319005
  0.0064647741589364546635
-0.00022983362738182873245
-0.00029130009184692674459
 -0.0065779353291143061525
  -0.013682327629711553071
-8.3151525805724807271e-06
 0.00026923450863970140685
   0.010481243963321319745
  -0.021234198002257759219
-0.00095614471597651508068
 0.00020697993777659662285
  -0.057790514261384033634
  -0.048099585516038850797
 -0.0007202387296340737521
 0.00088774047325435501057
   0.024971410417984073876
  0.0093545779515212309357
-0.00043030535509620268042
 0.00036016666594192577001
   -0.03667140917756744195
   0.048643977751128747444
 0.00061842656501395222839
-0.00065108898185146826375
    -0.0450492766764176919
  -0.060022289331088676811
  0.0028901583479928531599
 -0.0003909189743002249441
   -0.03914791086550489102
    0.02243957670790187181
 0.00014146854853221623935
  -0.012479302383744674335
   0.078922178017164515418
 -0.0036059528980686645153
   0.023823998576765478136
-8.3256288112750810333e-05
    0.11764067078477005723
     0.1162403826295001219
  -0.033590678424171974137
